[[6.43048644e-01 5.51588118e-01 8.10319304e-01 9.31817353e-01
  1.00000000e+00 9.99432623e-01]
 [5.52234769e-01 5.74075818e-01 7.76365161e-01 9.42984462e-01
  1.00000000e+00 3.82316470e-01]
 [8.07397485e-01 0.00000000e+00 9.87753868e-01 8.68033648e-01
  1.00000000e+00 8.39852393e-02]
 [4.55486029e-01 5.09616852e-01 6.77262425e-01 9.31405902e-01
  1.00000000e+00 6.52489662e-02]
 [3.21969301e-01 1.33865133e-01 4.66252297e-01 4.55606878e-01
  1.00000000e+00 1.00031197e-02]
 [4.41358656e-01 5.96483231e-01 5.80053568e-01 9.47489738e-01
  1.00000000e+00 9.56285000e-03]
 [3.53459567e-01 9.85081345e-02 7.69905686e-01 4.24895108e-01
  1.00000000e+00 7.92643428e-03]
 [8.00878555e-02 9.53485668e-02 4.60109115e-01 9.35159922e-01
  1.00000000e+00 3.48842144e-03]
 [7.34677494e-01 4.43028808e-02 9.70338643e-01 9.22703683e-01
  1.00000000e+00 2.89094448e-03]
 [3.31324905e-01 1.44393548e-01 6.01728916e-01 5.10793388e-01
  1.00000000e+00 2.74047256e-03]
 [8.67278397e-01 0.00000000e+00 9.80941117e-01 8.13255429e-01
  1.00000000e+00 2.68992782e-03]
 [9.87530231e-01 4.69341606e-01 1.00000000e+00 6.71962261e-01
  1.00000000e+00 1.55630708e-03]
 [3.52245122e-01 4.71466780e-02 7.89778709e-01 3.20137560e-01
  1.00000000e+00 1.47250295e-03]
 [2.53413051e-01 0.00000000e+00 7.61482358e-01 9.43517148e-01
  1.00000000e+00 1.39614940e-03]
 [2.95566559e-01 1.96742892e-01 5.47785401e-01 3.59412014e-01
  1.00000000e+00 1.17120147e-03]
 [4.48079646e-01 2.63200432e-01 6.73316658e-01 8.74971628e-01
  1.00000000e+00 1.11567974e-03]
 [8.25335264e-01 6.72924995e-01 9.84860063e-01 9.90447760e-01
  1.00000000e+00 1.06081367e-03]
 [0.00000000e+00 1.54651433e-01 1.00000000e+00 7.69907475e-01
  1.00000000e+00 1.05509162e-03]
 [9.90029871e-01 5.70893645e-01 1.00000000e+00 8.18396807e-01
  1.00000000e+00 9.14841890e-04]
 [2.98622191e-01 1.30742341e-01 5.67276537e-01 2.89971113e-01
  1.00000000e+00 7.78406858e-04]
 [2.52068043e-03 0.00000000e+00 7.81308472e-01 1.13265708e-01
  1.00000000e+00 7.47948885e-04]
 [7.58093596e-02 6.91913486e-01 3.95358562e-01 9.68968987e-01
  1.00000000e+00 6.84678555e-04]
 [9.86960590e-01 1.62234902e-03 1.00000000e+00 2.15599358e-01
  1.00000000e+00 6.69270754e-04]
 [3.57680023e-03 3.83408070e-02 3.55384469e-01 9.59986985e-01
  1.00000000e+00 6.67452812e-04]
 [9.88331556e-01 2.54296541e-01 1.00000000e+00 4.73769128e-01
  1.00000000e+00 6.24895096e-04]
 [9.88964260e-01 3.63870174e-01 1.00000000e+00 5.82429349e-01
  1.00000000e+00 5.99950552e-04]
 [4.39853489e-01 7.80183315e-01 6.61968529e-01 9.31093574e-01
  1.00000000e+00 5.81175089e-04]
 [6.29209161e-01 5.70915580e-01 8.37887645e-01 7.66507983e-01
  1.00000000e+00 5.78254461e-04]
 [3.35213721e-01 2.27479190e-01 4.42698002e-01 3.55449349e-01
  1.00000000e+00 5.61714172e-04]
 [6.17923796e-01 7.09043920e-01 8.33304822e-01 9.03538644e-01
  1.00000000e+00 5.53399324e-04]
 [9.88629401e-01 2.00601071e-01 1.00000000e+00 4.20943946e-01
  1.00000000e+00 5.11616468e-04]
 [9.88837659e-01 3.07151139e-01 1.00000000e+00 5.27987838e-01
  1.00000000e+00 5.10990620e-04]
 [7.60314405e-01 5.45587182e-01 9.78486955e-01 9.56744552e-01
  1.00000000e+00 4.77164984e-04]
 [1.25404254e-01 2.42169142e-01 3.70770454e-01 9.20893788e-01
  1.00000000e+00 4.72098589e-04]
 [8.13923538e-01 5.92538893e-01 9.45264041e-01 9.65317309e-01
  1.00000000e+00 4.48286533e-04]
 [4.50850010e-01 8.04204047e-01 5.49989700e-01 9.20801580e-01
  1.00000000e+00 4.24206257e-04]
 [2.47528329e-01 1.05246142e-01 5.25590003e-01 4.73896027e-01
  1.00000000e+00 4.14669514e-04]
 [5.49567461e-01 4.77290154e-03 8.11176300e-01 8.46301734e-01
  1.00000000e+00 3.78042459e-04]
 [9.91652489e-01 5.13408840e-01 1.00000000e+00 7.55957544e-01
  1.00000000e+00 3.75181437e-04]
 [7.13536382e-01 6.98880672e-01 7.96179414e-01 8.52452159e-01
  1.00000000e+00 3.71366739e-04]
 [3.40360135e-01 1.84332922e-01 5.68290114e-01 6.82694495e-01
  1.00000000e+00 3.70442867e-04]
 [7.04162270e-02 0.00000000e+00 5.17117500e-01 1.73645630e-01
  1.00000000e+00 3.67790461e-04]
 [9.79301929e-01 4.80435312e-01 1.00000000e+00 9.65744555e-01
  1.00000000e+00 3.60548496e-04]
 [3.37341547e-01 7.43637979e-02 6.54060602e-01 8.39414477e-01
  1.00000000e+00 3.56912613e-04]
 [9.78991807e-01 4.54826280e-03 1.00000000e+00 4.88338247e-02
  1.00000000e+00 3.51518393e-04]
 [3.29051912e-01 3.12881589e-01 5.90082824e-01 7.89008379e-01
  1.00000000e+00 3.16500664e-04]
 [9.86629605e-01 1.04926258e-01 9.98199224e-01 3.05180401e-01
  1.00000000e+00 3.15397978e-04]
 [2.38138348e-01 5.79383224e-02 7.46625066e-01 5.10490954e-01
  1.00000000e+00 2.91764736e-04]
 [0.00000000e+00 0.00000000e+00 6.93811178e-02 4.82717395e-01
  1.00000000e+00 2.91347504e-04]
 [1.96057707e-01 4.15914595e-01 2.90301323e-01 5.53919375e-01
  1.00000000e+00 2.86847353e-04]
 [3.34502935e-01 1.45628974e-01 4.50419843e-01 2.51984447e-01
  1.00000000e+00 2.83539295e-04]
 [3.73677135e-01 1.48698047e-01 7.38425612e-01 5.30509770e-01
  1.00000000e+00 2.71052122e-04]
 [5.80651999e-01 1.11387879e-01 1.00000000e+00 4.67132717e-01
  1.00000000e+00 2.68906355e-04]
 [7.14230359e-01 6.45940602e-01 7.95855582e-01 7.95399129e-01
  1.00000000e+00 2.64436007e-04]
 [8.85690153e-02 1.10647663e-01 4.25488979e-01 4.90018308e-01
  1.00000000e+00 2.63810158e-04]
 [9.86561179e-01 1.55672073e-01 9.99398351e-01 3.42290729e-01
  1.00000000e+00 2.56001949e-04]
 [9.55776811e-01 8.10110092e-01 9.95387197e-01 9.53133702e-01
  1.00000000e+00 2.50816345e-04]
 [6.60971820e-01 5.99513531e-01 7.64534891e-01 7.34785676e-01
  1.00000000e+00 2.38567591e-04]
 [3.37667882e-01 1.81096345e-01 4.47281301e-01 3.05805981e-01
  1.00000000e+00 2.34663486e-04]
 [2.28740424e-01 6.50498331e-01 9.75421786e-01 9.97218192e-01
  1.00000000e+00 2.34484673e-04]
 [0.00000000e+00 0.00000000e+00 7.26599991e-01 4.40583289e-01
  1.00000000e+00 2.31325626e-04]
 [9.70488191e-01 2.43577063e-02 9.96119857e-01 5.35161614e-01
  1.00000000e+00 2.30520964e-04]
 [3.96518528e-01 6.81059241e-01 7.39152014e-01 9.36519384e-01
  1.00000000e+00 2.28255987e-04]
 [1.02581680e-02 3.18948627e-01 4.72804248e-01 5.57233453e-01
  1.00000000e+00 2.27630138e-04]
 [6.32823765e-01 6.65896177e-01 8.56607974e-01 8.67519379e-01
  1.00000000e+00 2.26944685e-04]
 [4.39993620e-01 4.57517326e-01 5.54179370e-01 7.93884575e-01
  1.00000000e+00 2.25841999e-04]
 [2.00972885e-01 3.17948967e-01 4.88729924e-01 8.17830324e-01
  1.00000000e+00 2.24918127e-04]
 [9.72196460e-01 9.46219742e-01 1.00000000e+00 1.00000000e+00
  1.00000000e+00 2.22444534e-04]
 [6.80595577e-01 2.29168415e-01 1.00000000e+00 4.56299484e-01
  1.00000000e+00 2.09987164e-04]
 [2.39421949e-01 2.61853337e-01 6.96732044e-01 1.00000000e+00
  1.00000000e+00 2.03013420e-04]
 [0.00000000e+00 1.16821498e-01 5.23199499e-01 3.60606074e-01
  1.00000000e+00 2.02953815e-04]
 [2.60801971e-01 3.86555120e-03 8.44083250e-01 1.20102838e-01
  1.00000000e+00 2.02864408e-04]
 [8.13765466e-01 8.52126122e-01 8.68380368e-01 9.67388630e-01
  1.00000000e+00 1.86830759e-04]
 [1.41626805e-01 3.35911870e-01 7.00580239e-01 5.45503318e-01
  1.00000000e+00 1.81466341e-04]
 [3.18620205e-01 1.64097950e-01 5.89619279e-01 3.25252652e-01
  1.00000000e+00 1.76131725e-04]
 [2.22253621e-01 2.97506124e-01 3.63188207e-01 5.38665831e-01
  1.00000000e+00 1.73330307e-04]
 [6.45555794e-01 2.05972463e-01 8.12150896e-01 8.41876626e-01
  1.00000000e+00 1.71244144e-04]
 [1.32188022e-01 9.51743305e-01 2.52452374e-01 9.96235073e-01
  1.00000000e+00 1.69426203e-04]
 [3.84157002e-02 8.71347189e-01 6.51410341e-01 1.00000000e+00
  1.00000000e+00 1.65015459e-04]
 [9.00153637e-01 4.93138909e-01 9.63321805e-01 6.17690921e-01
  1.00000000e+00 1.64836645e-04]
 [0.00000000e+00 4.05053854e-01 4.10155654e-01 1.00000000e+00
  1.00000000e+00 1.64747238e-04]
 [3.23379219e-01 7.71887749e-02 6.58333242e-01 3.60772729e-01
  1.00000000e+00 1.63435936e-04]
 [2.41291553e-01 3.81845593e-01 3.37746590e-01 5.22648215e-01
  1.00000000e+00 1.63108110e-04]
 [5.42051673e-01 2.78939337e-01 7.89706469e-01 7.99002051e-01
  1.00000000e+00 1.62333250e-04]
 [9.39816236e-03 9.32231069e-01 4.36900288e-01 1.00000000e+00
  1.00000000e+00 1.61141157e-04]
 [9.81985807e-01 6.95337594e-01 1.00000000e+00 9.01511252e-01
  1.00000000e+00 1.58756971e-04]
 [8.95960689e-01 4.44673568e-01 9.64676023e-01 5.67607880e-01
  1.00000000e+00 1.58488750e-04]
 [2.48585194e-01 6.97665095e-01 6.23373151e-01 9.58868742e-01
  1.00000000e+00 1.57594681e-04]
 [3.78202707e-01 0.00000000e+00 5.41968226e-01 3.40835392e-01
  1.00000000e+00 1.52856112e-04]
 [3.79854321e-01 5.67295194e-01 6.00819647e-01 9.53096032e-01
  1.00000000e+00 1.52319670e-04]
 [2.33328253e-01 4.75684404e-01 3.60584944e-01 7.79948592e-01
  1.00000000e+00 1.51425600e-04]
 [0.00000000e+00 5.69427669e-01 5.92541814e-01 1.00000000e+00
  1.00000000e+00 1.46806240e-04]
 [1.44640893e-01 1.41091257e-01 6.23666644e-01 3.70108575e-01
  1.00000000e+00 1.46687031e-04]
 [9.83044803e-02 5.19453734e-02 6.31662607e-01 5.20651042e-01
  1.00000000e+00 1.43468380e-04]
 [7.15647340e-01 7.50839114e-01 7.95707703e-01 8.96026611e-01
  1.00000000e+00 1.43468380e-04]
 [1.14331961e-01 6.51606619e-02 3.76275152e-01 6.24239087e-01
  1.00000000e+00 1.43259764e-04]
 [2.83484221e-01 2.74560243e-01 5.49780965e-01 4.29273874e-01
  1.00000000e+00 1.40130520e-04]
 [0.00000000e+00 2.58042216e-02 8.93976465e-02 8.16306889e-01
  1.00000000e+00 1.38640404e-04]
 [8.33010852e-01 8.54088247e-01 9.15944517e-01 9.64353144e-01
  1.00000000e+00 1.36673450e-04]
 [2.00354993e-01 9.58980560e-01 3.05134296e-01 9.97564435e-01
  1.00000000e+00 1.33901834e-04]]
