[[8.11417758e-01 6.07976198e-01 1.00000000e+00 9.97049809e-01
  1.00000000e+00 9.99885798e-01]
 [8.24894011e-01 2.27932632e-03 9.95375335e-01 3.05919230e-01
  1.00000000e+00 9.92467999e-01]
 [8.20622146e-01 1.25248879e-02 9.94127452e-01 3.04995477e-01
  1.00000000e+00 9.51430678e-01]
 ...
 [6.48594499e-01 1.77778333e-01 8.77574682e-01 3.42727095e-01
  1.00000000e+00 1.28656626e-04]
 [3.40284228e-01 6.80103064e-01 7.91852117e-01 1.00000000e+00
  1.00000000e+00 1.28090382e-04]
 [7.07386136e-01 8.01728666e-01 8.30166817e-01 1.00000000e+00
  1.00000000e+00 1.26659870e-04]]
