[[7.27854431e-01 1.77766532e-02 9.95324194e-01 3.29933941e-01
  1.00000000e+00 9.95569348e-01]
 [7.06790447e-01 6.47952378e-01 9.56376672e-01 9.77648914e-01
  1.00000000e+00 9.60623085e-01]
 [7.06333756e-01 6.56786501e-01 9.99144554e-01 9.89252150e-01
  1.00000000e+00 9.34991241e-01]
 ...
 [0.00000000e+00 0.00000000e+00 9.88140851e-02 7.88082480e-01
  1.00000000e+00 8.21948051e-05]
 [8.22367847e-01 1.29355282e-01 9.23315942e-01 2.59145409e-01
  1.00000000e+00 8.14795494e-05]
 [8.73177052e-02 0.00000000e+00 8.35829496e-01 2.47547314e-01
  1.00000000e+00 7.95423985e-05]]
